Reset game:  ['map4', '12', '4', '50', '100']
[2, 2, 1, 2, 2, 5, 5, 5, 5, 2, 2, 0, 0, 5, 4, 5, 5, 4, 5, 5, 5, 4, 5, 5, 4, 5, 4, 1, 1, 1, 4, 1, 5, 5, 5, 4, 0, 3, 4, 3, 4, 1, 1, 4, 1, 1, 4, 3, 3, 5, 4, 1, 5, 5, 5, 4, 5, 5, 4, 5, 2, 5, 4, 5, 5, 4, 5, 5, 5, 4, 5, 5, 4, 5, 5, 5, 4, 3, 3, 4, 3, 4, 3, 1, 1, 3, 5, 4, 5, 5, 4, 2, 2, 2, 5, 5, 4, 2, 4, 1, 3, 3, 5, 5, 5, 5, 5, 2, 0, 2, 2, 0, 4, 0, 5, 5, 4, 5, 5, 4, 1, 1, 2, 2, 2, 0, 5, 4, 5, 5, 5, 4, 5, 5, 4, 5, 5, 4, 5, 1, 1, 4, 1, 1, 1, 2, 4, 2, 5, 5, 5, 4, 3, 3, 3, 3, 4, 3, 0, 4, 0, 5, 5, 4, 5, 5, 5, 4, 4, 1, 1, 3, 4, 1, 1, 1, 2, 4, 2, 5, 5, 5, 4, 5, 5, 4, 5, 5, 5, 4, 3, 3, 0, 4, 3, 3, 5, 5, 4, 5, 0, 5, 5, 5, 5, 5, 3, 3, 4, 0, 5, 5, 4, 5, 0, 4, 0, 0, 4, 0, 5, 4, 5, 5, 5, 4, 5, 5, 4, 5, 5, 5, 4, 2, 4, 0, 0, 5, 4, 5, 5, 4, 0, 3, 3, 3, 4, 0, 5, 5, 4, 5, 5, 5, 4, 5, 5, 4, 3, 4, 3, 1, 3, 1, 1, 1, 5, 4, 5, 5, 4, 5, 5, 4, 0, 0, 2, 4, 0, 2, 2, 2, 2, 0, 0, 3, 4, 0, 5, 4, 5, 5, 5, 4, 5, 5, 4, 2, 4, 2, 3, 3, 3, 3, 5, 2, 2, 2, 2, 0]


Reset game:  ['map3', '2', '7', '50', '100']
[1, 1, 2, 5, 3, 3, 3, 3, 0, 5, 5, 4, 3, 3, 3, 5, 5, 4, 5, 2, 4, 1, 1, 1, 4, 1, 2, 2, 5, 4, 5, 5, 4, 5, 5, 5, 4, 2, 1, 2, 4, 1, 1, 4, 1, 2, 2, 5, 4, 2, 5, 5, 4, 5, 4, 1, 1, 5, 4, 5, 5, 4, 5, 5, 5, 4, 5, 4, 0, 0, 0, 0, 0, 3, 4, 3, 3, 3, 0, 3, 3, 3, 0, 4, 2, 4, 3, 0, 0, 0, 0, 0, 2, 4, 2, 4, 2, 2, 5, 5, 3, 3, 5, 5, 3, 0, 5, 5, 5, 4, 4, 0, 0, 5, 5, 4, 5, 5, 4, 4, 4, 2, 2, 0, 0, 3, 0, 3, 0, 0, 5, 5, 5, 5, 4, 5, 5, 5, 4, 5, 5, 4, 1, 1, 2, 1, 2, 2, 4, 2, 2, 2, 2, 2, 5, 5, 4, 5, 3, 4, 3, 0, 0, 0, 0, 4, 0, 5, 5, 5, 4, 5, 5, 4, 5, 5, 4, 5, 5, 4, 1, 1, 1, 1, 1, 1, 1, 1, 1, 4, 1, 3, 1, 3, 1, 4, 1, 3, 5, 5, 3, 1, 5, 5, 5, 5, 4, 1, 1]

Reset game:  ['map1', '13', '4', '50', '100']
[1, 3, 5, 5, 5, 5, 5, 5, 2, 1, 2, 2, 5, 4, 5, 4, 2, 0, 1, 2, 1, 1, 1, 5, 5, 4, 5, 4, 3, 5, 3, 1, 4, 1, 5, 0, 2, 4, 2, 4, 1, 5, 5, 4, 5, 5, 4, 5, 5, 5, 4, 0, 0, 0, 4, 0, 3]


Reset game:  ['map2', '13', '7', '50', '100']
[1, 3, 5, 5, 5, 5, 5, 5, 2, 1, 2, 2, 5, 4, 5, 4, 2, 0, 1, 2, 1, 1, 1, 5, 5, 4, 5, 4, 3, 5, 3, 1, 4, 1, 5, 0, 2, 4, 2, 4, 1, 5, 5, 4, 5, 5, 4, 5, 5, 5, 4, 0, 0, 0, 4, 0, 3, 0, 5, 3, 0, 5, 5, 5, 5, 5, 4, 4, 0, 0, 5, 5, 4, 5, 5, 4, 4, 2]

Reset game:  ['map3', '14', '1', '50', '100']
[2, 2, 5, 2, 5, 5, 5, 3, 3, 1, 1, 5, 4, 2, 4, 2, 5, 5, 4, 5, 5, 5, 4, 5, 5, 4, 0, 4, 0, 0, 0, 0, 3, 4, 3, 5, 5, 4, 5, 4, 3, 3, 0, 3, 5, 5, 4, 5, 5, 5, 4, 5, 4, 3, 3, 4, 3, 2, 0, 0, 4, 0, 0, 3, 5, 5, 4, 5, 2, 4, 2, 2, 5, 5, 4, 2, 4, 1, 2, 2, 2, 5, 4, 3, 3, 3, 0, 3, 3, 3, 0, 0, 2, 4, 2, 4, 2, 5, 5, 4, 5, 5, 5, 2, 1, 0, 1, 0, 1, 0, 0, 2, 2, 2, 2, 2, 0, 5, 4, 5, 5, 5, 4, 5, 5, 4, 5, 5, 4, 5, 1, 3, 4, 3, 3, 0, 4, 0, 5, 5, 5, 4, 5, 4, 1, 1, 2, 2, 1, 2, 1, 1, 1, 2, 4, 2, 5, 5, 4, 5, 4, 3, 3, 3, 3, 3, 3, 1, 1, 1, 2, 4, 2, 5, 4, 5, 5, 5, 4, 5, 5, 4, 5, 5, 4, 3, 3, 0, 0, 2, 0, 2, 4, 3, 0, 4, 0, 5, 5, 5, 3, 5, 5, 5, 5, 5, 1, 1, 1, 4, 1, 5, 5, 5, 4, 0, 0, 0, 3, 4, 3, 3, 3, 0, 3, 5, 5, 4, 5, 5, 5, 4, 2, 1, 1, 4, 1, 1, 1, 1, 2, 2, 5, 5, 4, 5, 5, 4, 5, 2, 2, 4, 0, 0, 0, 4, 0, 3]

Reset game:  ['map4', '12', '2', '50', '100']
[2, 5, 5, 5, 5, 5, 5, 5, 5, 5, 4, 3, 4, 3, 1, 1, 1, 3, 4, 1, 1, 3, 4, 3, 3, 5, 4, 5, 5, 4, 5, 5, 5, 4, 5, 5, 4, 5, 5, 4, 2, 1, 1, 2, 5, 4, 1, 5, 5, 4, 5, 5, 5, 4, 5, 4, 2, 5, 5, 5, 4, 5, 5, 4, 5, 5, 4, 5, 5, 5, 4, 5, 4, 3, 3, 4, 1, 1, 5, 4, 5, 4, 3, 3, 3, 5, 5, 4, 5, 2, 2, 4, 2, 1, 2, 2, 2, 2, 5, 4, 3, 5, 5, 1, 1, 5, 5, 4, 5, 5, 4, 5, 4, 1, 2, 5, 4, 5, 5, 4, 4, 1, 1, 1, 2, 2, 5, 5, 4, 5, 5, 4, 5, 5, 4, 2, 2, 0, 0, 0, 2, 0, 0, 4, 2, 2, 0, 0, 0, 5, 5, 4, 5, 3, 4, 3, 0, 0, 4, 0, 0, 0, 5, 4, 5, 5, 4, 5, 5, 5, 4, 5, 5, 4, 5, 4, 3, 3, 4, 3, 4, 0, 5, 5, 4, 5, 5, 4, 1, 3, 4, 3, 1, 1, 3, 5, 4, 5, 5, 5, 3, 5, 5, 5, 0, 1, 3, 0, 0, 0, 0, 5, 4, 5, 5, 4, 5, 4, 2, 4, 2, 2, 2, 5, 5, 5, 4, 5, 5, 4, 5, 5, 4, 1, 4, 2, 2, 2, 1, 5, 5, 4, 5, 4, 3, 1, 1, 5, 4, 5, 5, 5, 4, 5, 5, 4, 5, 5, 5, 4, 1, 4, 1, 1, 4, 1, 5, 5, 4, 5, 4, 0, 0, 0, 3, 0, 4, 0, 0, 0, 2, 0, 0, 3, 4, 0, 5, 5, 4, 5, 5, 4, 5, 5, 4, 2, 4, 2, 4, 0, 1, 1, 2, 5, 2, 5, 5, 5, 5, 5, 4, 5, 5, 4, 5, 5, 4, 5, 0, 5, 4, 5, 5, 4, 1, 1, 5, 5, 4, 5, 5, 4, 0, 3, 3, 0, 3, 0, 4, 0, 3]

Reset game:  ['map5', '19', '2', '50', '100']
[5, 2, 2, 5, 5, 5, 5, 5, 5, 4, 5, 0, 4, 0, 5, 4, 5, 5, 4, 0, 0, 0, 3, 3, 5, 5, 4, 5, 4, 3, 3, 0, 3, 5, 5, 4, 5, 5, 4, 5, 5, 4, 2, 0, 2, 2, 4, 2, 0, 0, 5, 4, 3, 3, 3, 0, 4, 3, 5, 5, 4, 3, 3, 3, 5, 4, 5, 5, 4, 2, 0, 0, 2, 4, 2, 4, 2, 5, 5, 5, 4, 5, 5, 4, 5, 4, 0, 5, 1, 2, 5, 4, 5, 5, 4, 5, 5, 5, 4, 5, 2, 2, 5, 5, 5, 5, 5, 5, 5, 4, 5, 4, 3, 3, 0, 0, 0, 3, 0, 3, 0, 4, 0, 5, 4, 5, 5, 5, 4, 5, 5, 4, 5, 5, 5, 4, 2, 0, 2, 4, 2, 0, 0, 5, 4, 5, 5, 4, 5, 1, 4, 2, 2, 4, 2, 5, 4, 5, 5, 5, 4, 5, 5, 4, 5, 5, 5, 4, 1, 4, 1, 1, 1, 1, 2, 4, 2, 5, 4, 5, 5, 4, 3, 3, 1, 1, 1, 1, 1, 3, 4, 1, 3, 1, 4, 3, 1, 5, 5, 4, 0, 5, 5, 5, 5, 5, 5, 5, 5, 5, 4, 5, 4, 4, 3, 0, 0, 0, 5, 5, 5, 4, 5, 4, 1, 3, 4, 3, 5, 5, 5, 4, 5, 5, 4, 5, 3, 4, 1, 4, 1, 5, 5, 4, 5, 5, 4, 5, 5, 4, 5, 3, 4, 3, 1, 3, 1, 4, 1, 1, 5, 5, 5, 4, 5, 5, 4, 2, 4, 1, 1, 1, 1, 1, 1, 2, 2, 5, 4, 5, 5, 4, 5, 5, 4, 2, 2, 0, 4, 0, 5, 5, 4, 5, 0, 4, 0, 0, 4, 0, 3, 3, 1, 5, 5, 2, 2, 2, 2, 2, 4, 0, 0, 3, 5, 4, 5, 5, 4, 5, 5, 5, 4, 5, 5, 4, 2, 2, 2, 0, 0, 0, 4, 3, 4, 3, 5, 5, 4, 5, 5, 4, 5, 5, 5, 4, 5, 5, 4, 5, 5, 5, 4, 0, 4, 2, 2, 2, 0, 0, 4, 3, 5, 5, 5, 4, 5, 5, 4, 5, 5, 4, 2, 1, 1, 3, 1, 1, 3, 1, 1, 4, 1, 1, 1, 1, 4, 2, 5, 2, 5, 4, 5, 5, 4, 5, 5, 5, 4, 5, 3, 3, 3, 1, 5, 5, 3, 3, 3, 0, 0, 5, 4, 0, 2, 0, 4, 2, 4, 0, 5, 5, 4, 5, 5, 4, 5, 5, 4, 2, 2, 0, 0, 5, 4, 4, 1, 1, 1, 1, 2, 5, 5, 4, 5, 5, 5, 4, 5, 5, 4, 5, 5, 5, 4, 4, 2]

