pos: 0,0   725
pos: 0,1   775
pos: 0,2   800
pos: 0,3   763
pos: 0,4   750
pos: 0,5   800
pos: 0,6   775
pos: 0,7   850
pos: 0,8   850
pos: 1,0   750
pos: 1,1   750
pos: 1,2   825
pos: 1,3   775
pos: 1,4   850
pos: 1,5   775
pos: 1,6   850
pos: 1,7   850
pos: 1,8   800
pos: 2,0   800
pos: 2,1   800
pos: 2,2   825
pos: 2,3   800
pos: 2,4   775
pos: 2,5   775
pos: 2,6   800
pos: 2,7   850
pos: 2,8   800
pos: 3,0   800
pos: 3,1   800
pos: 3,2   675
pos: 3,3   800
pos: 3,4   700
pos: 3,5   750
pos: 3,6   800
pos: 3,7   800
pos: 3,8   850
pos: 4,0   800
pos: 4,1   775
pos: 4,2   825
pos: 4,3   850
pos: 4,4   750
pos: 4,5   800
pos: 4,6   850
pos: 4,7   750
pos: 4,8   675
pos: 5,0   630
pos: 5,1   700
pos: 5,2   675
pos: 5,3   675
pos: 5,4   700
pos: 5,5   650
pos: 5,6   600
pos: 5,7   700
pos: 5,8   675
pos: 6,0   675
pos: 6,1   725
pos: 6,2   750
pos: 6,3   750
pos: 6,4   700
pos: 6,5   750
pos: 6,6   625
pos: 6,7   725
pos: 6,8   600
pos: 7,0   750
pos: 7,1   725
pos: 7,2   750
pos: 7,3   700
pos: 7,4   717
pos: 7,5   725
pos: 7,6   725
pos: 7,7   650
pos: 7,8   625
pos: 8,0   700
pos: 8,1   775
pos: 8,2   750
pos: 8,3   600
pos: 8,4   775
pos: 8,5   750
pos: 8,6   625
pos: 8,7   650
pos: 8,8   600
pos: 9,0   750
pos: 9,1   725
pos: 9,2   750
pos: 9,3   750
pos: 9,4   750
pos: 9,5   825
pos: 9,6   725
pos: 9,7   700
pos: 9,8   700
pos: 10,0   600
pos: 10,1   650
pos: 10,2   725
pos: 10,3   750
pos: 10,4   750
pos: 10,5   775
pos: 10,6   750
pos: 10,7   800
pos: 10,8   700
pos: 11,0   750
pos: 11,1   650
pos: 11,2   800
pos: 11,3   725
pos: 11,4   750
pos: 11,5   675
pos: 11,6   750
pos: 11,7   800
pos: 11,8   725
pos: 12,0   550
pos: 12,1   650
pos: 12,2   625
pos: 12,3   650
pos: 12,4   650
pos: 12,5   700
pos: 12,6   675
pos: 12,7   775
pos: 12,8   750
pos: 13,0   700
pos: 13,1   650
pos: 13,2   700
pos: 13,3   575
pos: 13,4   725
pos: 13,5   625
pos: 13,6   750
pos: 13,7   750
pos: 13,8   800
pos: 14,0   625
pos: 14,1   650
pos: 14,2   725
pos: 14,3   750
pos: 14,4   717
pos: 14,5   750
pos: 14,6   717
pos: 14,7   700
pos: 14,8   700
pos: 15,0   667
pos: 15,1   625
pos: 15,2   750
pos: 15,3   725
pos: 15,4   650
pos: 15,5   725
pos: 15,6   725
pos: 15,7   725
pos: 15,8   750
pos: 16,0   550
pos: 16,1   650
pos: 16,2   750
pos: 16,3   750
pos: 16,4   750
pos: 16,5   750
pos: 16,6   700
pos: 16,7   717
pos: 16,8   725
pos: 17,0   750
pos: 17,1   650
pos: 17,2   700
pos: 17,3   800
pos: 17,4   775
pos: 17,5   700
pos: 17,6   700
pos: 17,7   750
pos: 17,8   717
pos: 18,0   700
pos: 18,1   700
pos: 18,2   800
pos: 18,3   800
pos: 18,4   742
pos: 18,5   800
pos: 18,6   725
pos: 18,7   625
pos: 18,8   700
pos: 19,0   625
pos: 19,1   600
pos: 19,2   625
pos: 19,3   750
pos: 19,4   525
pos: 19,5   575
pos: 19,6   575
pos: 19,7   650
pos: 19,8   700
pos: 20,0   675
pos: 20,1   650
pos: 20,2   625
pos: 20,3   600
pos: 20,4   600
pos: 20,5   575
pos: 20,6   625
pos: 20,7   650
pos: 20,8   600
