pos: 0,0   650
pos: 0,1   700
pos: 0,2   800
pos: 0,3   800
pos: 0,4   750
pos: 0,5   800
pos: 0,6   800
pos: 0,7   800
pos: 0,8   800
pos: 1,0   850
pos: 1,1   850
pos: 1,2   775
pos: 1,3   800
pos: 1,4   700
pos: 1,5   775
pos: 1,6   850
pos: 1,7   800
pos: 1,8   775
pos: 2,0   750
pos: 2,1   700
pos: 2,2   800
pos: 2,3   850
pos: 2,4   750
pos: 2,5   850
pos: 2,6   800
pos: 2,7   800
pos: 2,8   767
pos: 3,0   825
pos: 3,1   850
pos: 3,2   525
pos: 3,3   800
pos: 3,4   717
pos: 3,5   825
pos: 3,6   800
pos: 3,7   775
pos: 3,8   800
pos: 4,0   817
pos: 4,1   800
pos: 4,2   775
pos: 4,3   767
pos: 4,4   650
pos: 4,5   800
pos: 4,6   750
pos: 4,7   775
pos: 4,8   825
pos: 5,0   650
pos: 5,1   575
pos: 5,2   750
pos: 5,3   750
pos: 5,4   725
pos: 5,5   700
pos: 5,6   717
pos: 5,7   675
pos: 5,8   850
pos: 6,0   600
pos: 6,1   575
pos: 6,2   742
pos: 6,3   775
pos: 6,4   750
pos: 6,5   675
pos: 6,6   650
pos: 6,7   750
pos: 6,8   675
pos: 7,0   850
pos: 7,1   800
pos: 7,2   750
pos: 7,3   775
pos: 7,4   750
pos: 7,5   775
pos: 7,6   725
pos: 7,7   750
pos: 7,8   675
pos: 8,0   750
pos: 8,1   750
pos: 8,2   700
pos: 8,3   750
pos: 8,4   750
pos: 8,5   750
pos: 8,6   725
pos: 8,7   717
pos: 8,8   650
pos: 9,0   750
pos: 9,1   650
pos: 9,2   675
pos: 9,3   725
pos: 9,4   750
pos: 9,5   800
pos: 9,6   700
pos: 9,7   750
pos: 9,8   700
pos: 10,0   750
pos: 10,1   700
pos: 10,2   675
pos: 10,3   700
pos: 10,4   700
pos: 10,5   700
pos: 10,6   700
pos: 10,7   700
pos: 10,8   750
pos: 11,0   750
pos: 11,1   700
pos: 11,2   650
pos: 11,3   667
pos: 11,4   675
pos: 11,5   675
pos: 11,6   675
pos: 11,7   650
pos: 11,8   650
pos: 12,0   767
pos: 12,1   750
pos: 12,2   700
pos: 12,3   725
pos: 12,4   675
pos: 12,5   700
pos: 12,6   575
pos: 12,7   700
pos: 12,8   650
pos: 13,0   750
pos: 13,1   725
pos: 13,2   700
pos: 13,3   650
pos: 13,4   617
pos: 13,5   750
pos: 13,6   700
pos: 13,7   625
pos: 13,8   775
pos: 14,0   750
pos: 14,1   675
pos: 14,2   700
pos: 14,3   725
pos: 14,4   750
pos: 14,5   700
pos: 14,6   700
pos: 14,7   800
pos: 14,8   775
pos: 15,0   767
pos: 15,1   850
pos: 15,2   800
pos: 15,3   800
pos: 15,4   850
pos: 15,5   650
pos: 15,6   800
pos: 15,7   825
pos: 15,8   867
pos: 16,0   800
pos: 16,1   725
pos: 16,2   800
pos: 16,3   750
pos: 16,4   850
pos: 16,5   750
pos: 16,6   825
pos: 16,7   825
pos: 16,8   850
pos: 17,0   817
pos: 17,1   717
pos: 17,2   817
pos: 17,3   775
pos: 17,4   825
pos: 17,5   725
pos: 17,6   800
pos: 17,7   775
pos: 17,8   825
pos: 18,0   800
pos: 18,1   750
pos: 18,2   825
pos: 18,3   750
pos: 18,4   775
pos: 18,5   850
pos: 18,6   900
pos: 18,7   900
pos: 18,8   850
pos: 19,0   825
pos: 19,1   750
pos: 19,2   850
pos: 19,3   775
pos: 19,4   750
pos: 19,5   900
pos: 19,6   825
pos: 19,7   900
pos: 19,8   900
pos: 20,0   900
pos: 20,1   850
pos: 20,2   850
pos: 20,3   717
pos: 20,4   775
pos: 20,5   825
pos: 20,6   800
pos: 20,7   875
pos: 20,8   850
