pos: 0,0   625
pos: 0,1   675
pos: 0,2   675
pos: 0,3   613
pos: 0,4   550
pos: 0,5   650
pos: 0,6   650
pos: 0,7   725
pos: 0,8   650
pos: 1,0   650
pos: 1,1   700
pos: 1,2   575
pos: 1,3   625
pos: 1,4   650
pos: 1,5   650
pos: 1,6   650
pos: 1,7   750
pos: 1,8   675
pos: 2,0   650
pos: 2,1   700
pos: 2,2   625
pos: 2,3   700
pos: 2,4   617
pos: 2,5   625
pos: 2,6   575
pos: 2,7   725
pos: 2,8   725
pos: 3,0   575
pos: 3,1   725
pos: 3,2   650
pos: 3,3   675
pos: 3,4   700
pos: 3,5   725
pos: 3,6   600
pos: 3,7   750
pos: 3,8   650
pos: 4,0   625
pos: 4,1   700
pos: 4,2   675
pos: 4,3   650
pos: 4,4   700
pos: 4,5   700
pos: 4,6   692
pos: 4,7   717
pos: 4,8   625
pos: 5,0   667
pos: 5,1   525
pos: 5,2   700
pos: 5,3   650
pos: 5,4   700
pos: 5,5   750
pos: 5,6   625
pos: 5,7   725
pos: 5,8   600
pos: 6,0   550
pos: 6,1   525
pos: 6,2   600
pos: 6,3   550
pos: 6,4   675
pos: 6,5   717
pos: 6,6   700
pos: 6,7   600
pos: 6,8   575
pos: 7,0   750
pos: 7,1   750
pos: 7,2   750
pos: 7,3   675
pos: 7,4   700
pos: 7,5   750
pos: 7,6   775
pos: 7,7   725
pos: 7,8   600
pos: 8,0   750
pos: 8,1   750
pos: 8,2   750
pos: 8,3   700
pos: 8,4   750
pos: 8,5   750
pos: 8,6   750
pos: 8,7   750
pos: 8,8   600
pos: 9,0   725
pos: 9,1   700
pos: 9,2   750
pos: 9,3   750
pos: 9,4   750
pos: 9,5   800
pos: 9,6   650
pos: 9,7   600
pos: 9,8   650
pos: 10,0   750
pos: 10,1   700
pos: 10,2   700
pos: 10,3   775
pos: 10,4   725
pos: 10,5   750
pos: 10,6   650
pos: 10,7   750
pos: 10,8   650
pos: 11,0   675
pos: 11,1   750
pos: 11,2   750
pos: 11,3   750
pos: 11,4   750
pos: 11,5   725
pos: 11,6   750
pos: 11,7   750
pos: 11,8   750
pos: 12,0   725
pos: 12,1   750
pos: 12,2   750
pos: 12,3   750
pos: 12,4   750
pos: 12,5   725
pos: 12,6   750
pos: 12,7   750
pos: 12,8   700
pos: 13,0   700
pos: 13,1   717
pos: 13,2   650
pos: 13,3   700
pos: 13,4   650
pos: 13,5   725
pos: 13,6   750
pos: 13,7   750
pos: 13,8   750
pos: 14,0   650
pos: 14,1   750
pos: 14,2   650
pos: 14,3   600
pos: 14,4   650
pos: 14,5   725
pos: 14,6   725
pos: 14,7   750
pos: 14,8   750
pos: 15,0   625
pos: 15,1   750
pos: 15,2   650
pos: 15,3   650
pos: 15,4   650
pos: 15,5   650
pos: 15,6   625
pos: 15,7   650
pos: 15,8   750
pos: 16,0   617
pos: 16,1   700
pos: 16,2   650
pos: 16,3   650
pos: 16,4   650
pos: 16,5   650
pos: 16,6   775
pos: 16,7   625
pos: 16,8   750
pos: 17,0   650
pos: 17,1   675
pos: 17,2   625
pos: 17,3   750
pos: 17,4   650
pos: 17,5   800
pos: 17,6   800
pos: 17,7   775
pos: 17,8   775
pos: 18,0   575
pos: 18,1   625
pos: 18,2   650
pos: 18,3   750
pos: 18,4   675
pos: 18,5   650
pos: 18,6   825
pos: 18,7   800
pos: 18,8   725
pos: 19,0   680
pos: 19,1   700
pos: 19,2   600
pos: 19,3   750
pos: 19,4   625
pos: 19,5   667
pos: 19,6   700
pos: 19,7   750
pos: 19,8   675
pos: 20,0   575
pos: 20,1   700
pos: 20,2   725
pos: 20,3   700
pos: 20,4   725
pos: 20,5   750
pos: 20,6   750
pos: 20,7   675
pos: 20,8   675
