pos: 0,0   675
pos: 0,1   567
pos: 0,2   650
pos: 0,3   700
pos: 0,4   700
pos: 0,5   650
pos: 0,6   550
pos: 0,7   575
pos: 0,8   625
pos: 1,0   675
pos: 1,1   675
pos: 1,2   700
pos: 1,3   675
pos: 1,4   700
pos: 1,5   600
pos: 1,6   550
pos: 1,7   650
pos: 1,8   550
pos: 2,0   667
pos: 2,1   600
pos: 2,2   650
pos: 2,3   750
pos: 2,4   750
pos: 2,5   650
pos: 2,6   575
pos: 2,7   625
pos: 2,8   617
pos: 3,0   650
pos: 3,1   625
pos: 3,2   625
pos: 3,3   625
pos: 3,4   650
pos: 3,5   650
pos: 3,6   600
pos: 3,7   600
pos: 3,8   525
pos: 4,0   625
pos: 4,1   650
pos: 4,2   625
pos: 4,3   600
pos: 4,4   550
pos: 4,5   600
pos: 4,6   625
pos: 4,7   575
pos: 4,8   625
pos: 5,0   600
pos: 5,1   550
pos: 5,2   575
pos: 5,3   700
pos: 5,4   700
pos: 5,5   650
pos: 5,6   675
pos: 5,7   575
pos: 5,8   600
pos: 6,0   600
pos: 6,1   600
pos: 6,2   642
pos: 6,3   600
pos: 6,4   625
pos: 6,5   617
pos: 6,6   650
pos: 6,7   600
pos: 6,8   625
pos: 7,0   700
pos: 7,1   600
pos: 7,2   625
pos: 7,3   600
pos: 7,4   600
pos: 7,5   550
pos: 7,6   500
pos: 7,7   600
pos: 7,8   617
pos: 8,0   650
pos: 8,1   675
pos: 8,2   700
pos: 8,3   650
pos: 8,4   600
pos: 8,5   500
pos: 8,6   567
pos: 8,7   567
pos: 8,8   600
pos: 9,0   600
pos: 9,1   550
pos: 9,2   650
pos: 9,3   700
pos: 9,4   675
pos: 9,5   575
pos: 9,6   525
pos: 9,7   600
pos: 9,8   575
pos: 10,0   600
pos: 10,1   625
pos: 10,2   625
pos: 10,3   675
pos: 10,4   642
pos: 10,5   625
pos: 10,6   650
pos: 10,7   600
pos: 10,8   575
pos: 11,0   650
pos: 11,1   650
pos: 11,2   650
pos: 11,3   650
pos: 11,4   650
pos: 11,5   575
pos: 11,6   650
pos: 11,7   650
pos: 11,8   700
pos: 12,0   600
pos: 12,1   650
pos: 12,2   650
pos: 12,3   700
pos: 12,4   700
pos: 12,5   650
pos: 12,6   700
pos: 12,7   550
pos: 12,8   550
pos: 13,0   600
pos: 13,1   650
pos: 13,2   600
pos: 13,3   650
pos: 13,4   650
pos: 13,5   650
pos: 13,6   700
pos: 13,7   650
pos: 13,8   700
pos: 14,0   650
pos: 14,1   650
pos: 14,2   575
pos: 14,3   700
pos: 14,4   650
pos: 14,5   700
pos: 14,6   700
pos: 14,7   700
pos: 14,8   700
pos: 15,0   600
pos: 15,1   650
pos: 15,2   600
pos: 15,3   625
pos: 15,4   575
pos: 15,5   550
pos: 15,6   600
pos: 15,7   600
pos: 15,8   575
pos: 16,0   650
pos: 16,1   600
pos: 16,2   600
pos: 16,3   600
pos: 16,4   667
pos: 16,5   700
pos: 16,6   625
pos: 16,7   575
pos: 16,8   575
pos: 17,0   575
pos: 17,1   650
pos: 17,2   600
pos: 17,3   675
pos: 17,4   600
pos: 17,5   575
pos: 17,6   675
pos: 17,7   675
pos: 17,8   700
pos: 18,0   625
pos: 18,1   600
pos: 18,2   650
pos: 18,3   650
pos: 18,4   650
pos: 18,5   700
pos: 18,6   700
pos: 18,7   650
pos: 18,8   625
pos: 19,0   667
pos: 19,1   625
pos: 19,2   575
pos: 19,3   650
pos: 19,4   650
pos: 19,5   650
pos: 19,6   675
pos: 19,7   650
pos: 19,8   625
pos: 20,0   650
pos: 20,1   700
pos: 20,2   700
pos: 20,3   650
pos: 20,4   675
pos: 20,5   675
pos: 20,6   675
pos: 20,7   650
pos: 20,8   667
