pos: 0,0   800
pos: 0,1   950
pos: 0,2   850
pos: 0,3   825
pos: 0,4   725
pos: 0,5   875
pos: 0,6   900
pos: 0,7   817
pos: 0,8   900
pos: 1,0   850
pos: 1,1   950
pos: 1,2   850
pos: 1,3   850
pos: 1,4   800
pos: 1,5   875
pos: 1,6   875
pos: 1,7   850
pos: 1,8   875
pos: 2,0   825
pos: 2,1   950
pos: 2,2   800
pos: 2,3   650
pos: 2,4   650
pos: 2,5   875
pos: 2,6   850
pos: 2,7   850
pos: 2,8   900
pos: 3,0   825
pos: 3,1   825
pos: 3,2   850
pos: 3,3   850
pos: 3,4   850
pos: 3,5   650
pos: 3,6   900
pos: 3,7   900
pos: 3,8   850
pos: 4,0   825
pos: 4,1   900
pos: 4,2   850
pos: 4,3   900
pos: 4,4   775
pos: 4,5   817
pos: 4,6   825
pos: 4,7   950
pos: 4,8   850
pos: 5,0   775
pos: 5,1   850
pos: 5,2   800
pos: 5,3   850
pos: 5,4   825
pos: 5,5   750
pos: 5,6   600
pos: 5,7   925
pos: 5,8   750
pos: 6,0   775
pos: 6,1   850
pos: 6,2   850
pos: 6,3   650
pos: 6,4   867
pos: 6,5   925
pos: 6,6   850
pos: 6,7   925
pos: 6,8   800
pos: 7,0   642
pos: 7,1   675
pos: 7,2   700
pos: 7,3   850
pos: 7,4   800
pos: 7,5   875
pos: 7,6   575
pos: 7,7   875
pos: 7,8   750
pos: 8,0   875
pos: 8,1   800
pos: 8,2   850
pos: 8,3   850
pos: 8,4   800
pos: 8,5   700
pos: 8,6   650
pos: 8,7   700
pos: 8,8   650
pos: 9,0   650
pos: 9,1   617
pos: 9,2   575
pos: 9,3   700
pos: 9,4   700
pos: 9,5   525
pos: 9,6   650
pos: 9,7   600
pos: 9,8   650
pos: 10,0   550
pos: 10,1   667
pos: 10,2   725
pos: 10,3   675
pos: 10,4   600
pos: 10,5   617
pos: 10,6   617
pos: 10,7   550
pos: 10,8   650
pos: 11,0   900
pos: 11,1   675
pos: 11,2   825
pos: 11,3   700
pos: 11,4   900
pos: 11,5   850
pos: 11,6   850
pos: 11,7   875
pos: 11,8   900
pos: 12,0   900
pos: 12,1   617
pos: 12,2   775
pos: 12,3   700
pos: 12,4   825
pos: 12,5   775
pos: 12,6   825
pos: 12,7   900
pos: 12,8   825
pos: 13,0   900
pos: 13,1   750
pos: 13,2   775
pos: 13,3   900
pos: 13,4   775
pos: 13,5   950
pos: 13,6   750
pos: 13,7   825
pos: 13,8   850
pos: 14,0   800
pos: 14,1   675
pos: 14,2   750
pos: 14,3   800
pos: 14,4   825
pos: 14,5   775
pos: 14,6   700
pos: 14,7   825
pos: 14,8   900
pos: 15,0   900
pos: 15,1   750
pos: 15,2   825
pos: 15,3   875
pos: 15,4   750
pos: 15,5   800
pos: 15,6   750
pos: 15,7   825
pos: 15,8   850
pos: 16,0   900
pos: 16,1   750
pos: 16,2   800
pos: 16,3   900
pos: 16,4   825
pos: 16,5   950
pos: 16,6   925
pos: 16,7   850
pos: 16,8   850
pos: 17,0   800
pos: 17,1   800
pos: 17,2   800
pos: 17,3   775
pos: 17,4   750
pos: 17,5   850
pos: 17,6   775
pos: 17,7   775
pos: 17,8   850
pos: 18,0   800
pos: 18,1   775
pos: 18,2   775
pos: 18,3   800
pos: 18,4   725
pos: 18,5   867
pos: 18,6   925
pos: 18,7   875
pos: 18,8   850
pos: 19,0   825
pos: 19,1   875
pos: 19,2   825
pos: 19,3   850
pos: 19,4   850
pos: 19,5   800
pos: 19,6   825
pos: 19,7   892
pos: 19,8   950
pos: 20,0   875
pos: 20,1   850
pos: 20,2   867
pos: 20,3   775
pos: 20,4   825
pos: 20,5   725
pos: 20,6   750
pos: 20,7   950
pos: 20,8   892
