pos: 0,0   750
pos: 0,1   800
pos: 0,2   700
pos: 0,3   650
pos: 0,4   650
pos: 0,5   700
pos: 0,6   700
pos: 0,7   717
pos: 0,8   700
pos: 1,0   750
pos: 1,1   725
pos: 1,2   800
pos: 1,3   700
pos: 1,4   650
pos: 1,5   700
pos: 1,6   700
pos: 1,7   700
pos: 1,8   750
pos: 2,0   700
pos: 2,1   700
pos: 2,2   700
pos: 2,3   650
pos: 2,4   650
pos: 2,5   675
pos: 2,6   675
pos: 2,7   700
pos: 2,8   750
pos: 3,0   750
pos: 3,1   725
pos: 3,2   675
pos: 3,3   650
pos: 3,4   625
pos: 3,5   750
pos: 3,6   650
pos: 3,7   642
pos: 3,8   650
pos: 4,0   700
pos: 4,1   650
pos: 4,2   675
pos: 4,3   667
pos: 4,4   625
pos: 4,5   700
pos: 4,6   650
pos: 4,7   675
pos: 4,8   675
pos: 5,0   750
pos: 5,1   700
pos: 5,2   675
pos: 5,3   525
pos: 5,4   617
pos: 5,5   642
pos: 5,6   725
pos: 5,7   700
pos: 5,8   717
pos: 6,0   750
pos: 6,1   725
pos: 6,2   700
pos: 6,3   675
pos: 6,4   675
pos: 6,5   650
pos: 6,6   750
pos: 6,7   725
pos: 6,8   725
pos: 7,0   663
pos: 7,1   675
pos: 7,2   525
pos: 7,3   600
pos: 7,4   567
pos: 7,5   550
pos: 7,6   600
pos: 7,7   725
pos: 7,8   750
pos: 8,0   700
pos: 8,1   700
pos: 8,2   575
pos: 8,3   625
pos: 8,4   600
pos: 8,5   650
pos: 8,6   750
pos: 8,7   550
pos: 8,8   700
pos: 9,0   750
pos: 9,1   600
pos: 9,2   750
pos: 9,3   750
pos: 9,4   650
pos: 9,5   800
pos: 9,6   625
pos: 9,7   600
pos: 9,8   550
pos: 10,0   625
pos: 10,1   550
pos: 10,2   750
pos: 10,3   650
pos: 10,4   600
pos: 10,5   550
pos: 10,6   575
pos: 10,7   600
pos: 10,8   600
pos: 11,0   750
pos: 11,1   517
pos: 11,2   600
pos: 11,3   650
pos: 11,4   650
pos: 11,5   575
pos: 11,6   550
pos: 11,7   575
pos: 11,8   575
pos: 12,0   625
pos: 12,1   625
pos: 12,2   767
pos: 12,3   650
pos: 12,4   650
pos: 12,5   750
pos: 12,6   600
pos: 12,7   650
pos: 12,8   550
pos: 13,0   625
pos: 13,1   550
pos: 13,2   575
pos: 13,3   575
pos: 13,4   750
pos: 13,5   750
pos: 13,6   725
pos: 13,7   650
pos: 13,8   575
pos: 14,0   650
pos: 14,1   675
pos: 14,2   650
pos: 14,3   550
pos: 14,4   600
pos: 14,5   650
pos: 14,6   575
pos: 14,7   625
pos: 14,8   567
pos: 15,0   650
pos: 15,1   650
pos: 15,2   675
pos: 15,3   650
pos: 15,4   650
pos: 15,5   700
pos: 15,6   700
pos: 15,7   675
pos: 15,8   650
pos: 16,0   625
pos: 16,1   675
pos: 16,2   675
pos: 16,3   750
pos: 16,4   700
pos: 16,5   700
pos: 16,6   650
pos: 16,7   625
pos: 16,8   600
pos: 17,0   625
pos: 17,1   650
pos: 17,2   650
pos: 17,3   725
pos: 17,4   650
pos: 17,5   650
pos: 17,6   600
pos: 17,7   650
pos: 17,8   600
pos: 18,0   625
pos: 18,1   575
pos: 18,2   625
pos: 18,3   650
pos: 18,4   750
pos: 18,5   650
pos: 18,6   625
pos: 18,7   625
pos: 18,8   625
pos: 19,0   600
pos: 19,1   617
pos: 19,2   650
pos: 19,3   725
pos: 19,4   700
pos: 19,5   600
pos: 19,6   675
pos: 19,7   625
pos: 19,8   625
pos: 20,0   650
pos: 20,1   650
pos: 20,2   650
pos: 20,3   675
pos: 20,4   675
pos: 20,5   650
pos: 20,6   675
pos: 20,7   600
pos: 20,8   625
